# CryoMagnetics Cryogen Level Meter LM-510
# 1622086724.362656
# time since start LHe (cm) LN2 (cm)
0, -11.100000 , 0.000000 
61, -11.200000 , 0.000000 
121, -11.200000 , 0.000000 
182, -11.200000 , 0.000000 
243, -11.200000 , 0.000000 
303, -11.200000 , 0.000000 
364, -11.200000 , 0.000000 
425, -11.200000 , 0.000000 
485, -11.300000 , 0.000000 
545, -11.300000 , 0.000000 
606, -11.200000 , 0.000000 
667, -11.300000 , 0.000000 
728, -11.300000 , 0.000000 
788, -11.300000 , 0.000000 
849, -11.200000 , 0.000000 
910, -11.300000 , 0.000000 
970, -11.300000 , 0.000000 
1031, -11.300000 , 0.000000 
1091, -11.200000 , 0.000000 
1151, -11.300000 , 0.000000 
1213, -11.300000 , 0.000000 
1273, -11.300000 , 0.000000 
1334, -11.400000 , 0.000000 
1395, -11.400000 , 0.000000 
1456, -11.300000 , 0.000000 
1517, -11.500000 , 0.000000 
1578, -11.300000 , 0.000000 
1639, -11.400000 , 0.000000 
1699, -11.400000 , 0.000000 
1760, -11.300000 , 0.000000 
1821, -11.300000 , 0.000000 
1882, -11.300000 , 0.000000 
1943, -11.500000 , 0.000000 
2004, -11.400000 , 0.000000 
2065, -11.400000 , 0.000000 
2126, -11.500000 , 0.000000 
2187, -11.500000 , 0.000000 
2248, -11.400000 , 0.000000 
2309, -11.400000 , 0.000000 
2369, -11.400000 , 0.000000 
2430, -11.500000 , 0.000000 
2491, -11.500000 , 0.000000 
2552, -11.400000 , 0.000000 
2613, -11.500000 , 0.000000 
2673, -11.500000 , 0.000000 
2734, -11.500000 , 0.000000 
2795, -11.500000 , 0.000000 
2856, -11.600000 , 0.000000 
2916, -11.400000 , 0.000000 
2977, -11.600000 , 0.000000 
3038, -11.500000 , 0.000000 
3099, -11.500000 , 0.000000 
3159, -11.500000 , 0.000000 
3220, -11.600000 , 0.000000 
3280, -11.500000 , 0.000000 
3341, -11.600000 , 0.000000 
3402, -11.600000 , 0.000000 
3462, -11.700000 , 0.000000 
3523, -11.500000 , 0.000000 
3584, -11.500000 , 0.000000 
3645, -11.600000 , 0.000000 
3706, -11.500000 , 0.000000 
3766, -11.600000 , 0.000000 
3827, -11.600000 , 0.000000 
3887, -11.700000 , 0.000000 
3948, -11.500000 , 0.000000 
4008, -11.500000 , 0.000000 
4069, -11.600000 , 0.000000 
4130, -11.800000 , 0.000000 
4191, -11.600000 , 0.000000 
4251, -11.700000 , 0.000000 
4312, -11.600000 , 0.000000 
4373, -11.700000 , 0.000000 
4434, -11.700000 , 0.000000 
4494, -11.700000 , 0.000000 
4555, -11.600000 , 0.000000 
4615, -11.700000 , 0.000000 
4676, -11.000000 , 0.000000 
4736, -11.000000 , 0.000000 
4798, -11.100000 , 0.000000 
4858, -10.900000 , 0.000000 
4918, -10.900000 , 0.000000 
4978, -10.500000 , 0.000000 
5039, -9.400000 , 0.000000 
5100, -9.100000 , 0.000000 
5160, -8.500000 , 0.000000 
5220, -8.300000 , 0.000000 
5280, -7.600000 , 0.000000 
5340, -7.600000 , 0.000000 
5401, -7.400000 , 0.000000 
5463, -7.100000 , 0.000000 
5524, -6.900000 , 0.000000 
5585, -7.000000 , 0.000000 
5645, -6.900000 , 0.000000 
5707, -6.900000 , 0.000000 
5767, -6.800000 , 0.000000 
5827, -6.100000 , 0.000000 
5888, -5.600000 , 0.000000 
5949, 53.200000 , 0.000000 
6011, -1.300000 , 0.000000 
6071, 6.200000 , 0.000000 
6132, 13.700000 , 0.000000 
6192, 19.400000 , 0.000000 
6254, 24.700000 , 0.000000 
6315, 29.200000 , 0.000000 
6376, 32.600000 , 0.000000 
6436, 35.300000 , 0.000000 
6497, 38.400000 , 0.000000 
6557, 46.200000 , 0.000000 
6618, 54.900000 , 0.000000 
6678, 63.500000 , 0.000000 
6738, 69.700000 , 0.000000 
6799, 74.500000 , 0.000000 
6859, 78.800000 , 0.000000 
6920, 82.200000 , 0.000000 
6980, 84.600000 , 0.000000 
7042, 87.600000 , 0.000000 
7102, 89.900000 , 0.000000 
7162, 92.100000 , 0.000000 
7223, 93.900000 , 0.000000 
7285, 96.000000 , 0.000000 
7345, 97.700000 , 0.000000 
7406, 99.800000 , 0.000000 
7467, 104.200000 , 0.000000 
7527, 108.500000 , 0.000000 
7588, 111.700000 , 0.000000 
7649, 115.200000 , 0.000000 
7710, 118.400000 , 0.000000 
7772, 119.600000 , 0.000000 
7833, 120.400000 , 0.000000 
7894, 120.900000 , 0.000000 
7954, 121.400000 , 0.000000 
8015, 123.200000 , 0.000000 
8075, 126.200000 , 0.000000 
8135, 129.100000 , 0.000000 
8196, 130.900000 , 0.000000 
8256, 132.900000 , 0.000000 
8316, 134.400000 , 0.000000 
8376, 135.800000 , 0.000000 
8437, 137.200000 , 0.000000 
8497, 138.400000 , 0.000000 
8558, 139.300000 , 0.000000 
8618, 139.200000 , 0.000000 
8679, 138.900000 , 0.000000 
8740, 138.500000 , 0.000000 
8800, 138.300000 , 0.000000 
8861, 138.200000 , 0.000000 
8922, 138.000000 , 0.000000 
8983, 138.100000 , 0.000000 
9043, 137.900000 , 0.000000 
9103, 137.800000 , 0.000000 
9164, 137.700000 , 0.000000 
9224, 137.600000 , 0.000000 
9284, 137.500000 , 0.000000 
9344, 137.400000 , 0.000000 
9404, 137.400000 , 0.000000 
9464, 137.400000 , 0.000000 
9524, 137.300000 , 0.000000 
9586, 137.300000 , 0.000000 
9646, 137.200000 , 0.000000 
9707, 137.100000 , 0.000000 
9767, 137.000000 , 0.000000 
9827, 137.000000 , 0.000000 
9887, 137.000000 , 0.000000 
9948, 137.000000 , 0.000000 
10008, 136.900000 , 0.000000 
10068, 136.800000 , 0.000000 
10129, 136.800000 , 0.000000 
10190, 136.700000 , 0.000000 
10251, 136.700000 , 0.000000 
10311, 136.700000 , 0.000000 
10372, 136.600000 , 0.000000 
10432, 136.600000 , 0.000000 
10493, 136.600000 , 0.000000 
10554, 136.500000 , 0.000000 
10615, 136.500000 , 0.000000 
10675, 136.500000 , 0.000000 
10735, 136.400000 , 0.000000 
10796, 136.400000 , 0.000000 
10856, 136.400000 , 0.000000 
10916, 136.300000 , 0.000000 
10977, 136.300000 , 0.000000 
11037, 136.200000 , 0.000000 
11097, 136.200000 , 0.000000 
11157, 136.200000 , 0.000000 
11218, 136.200000 , 0.000000 
11278, 136.200000 , 0.000000 
11338, 136.100000 , 0.000000 
11398, 136.100000 , 0.000000 
11458, 136.100000 , 0.000000 
11518, 136.100000 , 0.000000 
11579, 136.100000 , 0.000000 
11639, 136.000000 , 0.000000 
11699, 135.900000 , 0.000000 
11759, 136.000000 , 0.000000 
11819, 136.000000 , 0.000000 
11879, 135.900000 , 0.000000 
11940, 135.900000 , 0.000000 
12000, 135.900000 , 0.000000 
12060, 135.900000 , 0.000000 
12120, 135.800000 , 0.000000 
12180, 135.800000 , 0.000000 
12240, 135.800000 , 0.000000 
12301, 135.800000 , 0.000000 
12361, 135.800000 , 0.000000 
12421, 135.800000 , 0.000000 
12481, 135.700000 , 0.000000 
12542, 135.700000 , 0.000000 
12602, 135.700000 , 0.000000 
12662, 135.600000 , 0.000000 
12723, 135.600000 , 0.000000 
12784, 135.600000 , 0.000000 
12844, 135.600000 , 0.000000 
12905, 135.600000 , 0.000000 
12965, 135.500000 , 0.000000 
13027, 135.600000 , 0.000000 
13088, 135.500000 , 0.000000 
13148, 135.400000 , 0.000000 
13210, 135.400000 , 0.000000 
13270, 135.500000 , 0.000000 
13330, 135.400000 , 0.000000 
13390, 135.400000 , 0.000000 
13450, 135.400000 , 0.000000 
13510, 135.300000 , 0.000000 
13570, 135.300000 , 0.000000 
13631, 135.300000 , 0.000000 
13691, 135.300000 , 0.000000 
13751, 135.300000 , 0.000000 
13811, 135.200000 , 0.000000 
13871, 135.200000 , 0.000000 
13931, 135.200000 , 0.000000 
13991, 135.100000 , 0.000000 
14052, 135.100000 , 0.000000 
14113, 135.100000 , 0.000000 
14173, 135.100000 , 0.000000 
14234, 135.000000 , 0.000000 
14295, 135.000000 , 0.000000 
14357, 135.000000 , 0.000000 
14417, 135.000000 , 0.000000 
14478, 135.000000 , 0.000000 
14539, 134.900000 , 0.000000 
14599, 134.800000 , 0.000000 
14660, 134.900000 , 0.000000 
14721, 134.900000 , 0.000000 
14782, 134.800000 , 0.000000 
14843, 134.800000 , 0.000000 
14904, 134.800000 , 0.000000 
14965, 134.800000 , 0.000000 
15025, 134.800000 , 0.000000 
15086, 134.700000 , 0.000000 
15146, 134.700000 , 0.000000 
15206, 134.700000 , 0.000000 
15266, 134.700000 , 0.000000 
15327, 134.700000 , 0.000000 
15388, 134.600000 , 0.000000 
15449, 134.600000 , 0.000000 
15510, 134.500000 , 0.000000 
15571, 134.500000 , 0.000000 
15632, 134.500000 , 0.000000 
15692, 134.500000 , 0.000000 
15752, 134.400000 , 0.000000 
15812, 134.400000 , 0.000000 
15872, 134.400000 , 0.000000 
15932, 134.400000 , 0.000000 
15993, 134.400000 , 0.000000 
16054, 134.300000 , 0.000000 
16115, 134.300000 , 0.000000 
16175, 134.300000 , 0.000000 
16236, 134.300000 , 0.000000 
16297, 134.300000 , 0.000000 
16357, 134.300000 , 0.000000 
16418, 134.200000 , 0.000000 
16479, 134.200000 , 0.000000 
16540, 134.100000 , 0.000000 
16600, 134.200000 , 0.000000 
16662, 134.200000 , 0.000000 
16722, 134.100000 , 0.000000 
16783, 134.100000 , 0.000000 
16844, 134.100000 , 0.000000 
16905, 134.000000 , 0.000000 
16965, 134.000000 , 0.000000 
17026, 134.000000 , 0.000000 
17087, 134.000000 , 0.000000 
17148, 134.000000 , 0.000000 
17209, 133.900000 , 0.000000 
17270, 133.900000 , 0.000000 
17330, 133.900000 , 0.000000 
17390, 133.800000 , 0.000000 
17451, 133.800000 , 0.000000 
17512, 133.800000 , 0.000000 
17573, 133.800000 , 0.000000 
17634, 133.700000 , 0.000000 
17695, 133.700000 , 0.000000 
17755, 133.700000 , 0.000000 
17816, 133.700000 , 0.000000 
17877, 133.600000 , 0.000000 
17938, 133.600000 , 0.000000 
17999, 133.600000 , 0.000000 
18060, 133.600000 , 0.000000 
18121, 133.600000 , 0.000000 
18182, 133.500000 , 0.000000 
18243, 133.500000 , 0.000000 
18304, 133.500000 , 0.000000 
18365, 133.400000 , 0.000000 
18426, 133.400000 , 0.000000 
18486, 133.400000 , 0.000000 
18548, 133.400000 , 0.000000 
18608, 133.400000 , 0.000000 
18669, 133.400000 , 0.000000 
18731, 133.300000 , 0.000000 
18791, 133.300000 , 0.000000 
18852, 133.300000 , 0.000000 
18913, 133.200000 , 0.000000 
18974, 133.200000 , 0.000000 
19035, 133.200000 , 0.000000 
19095, 133.200000 , 0.000000 
19155, 133.100000 , 0.000000 
19216, 133.100000 , 0.000000 
19277, 133.100000 , 0.000000 
19338, 133.100000 , 0.000000 
19399, 133.100000 , 0.000000 
19459, 133.100000 , 0.000000 
19520, 133.000000 , 0.000000 
19581, 133.000000 , 0.000000 
19642, 132.900000 , 0.000000 
19702, 132.900000 , 0.000000 
19763, 132.900000 , 0.000000 
19823, 132.900000 , 0.000000 
19884, 132.900000 , 0.000000 
19945, 132.800000 , 0.000000 
20006, 132.800000 , 0.000000 
20066, 132.800000 , 0.000000 
20127, 132.800000 , 0.000000 
20188, 132.800000 , 0.000000 
20249, 132.700000 , 0.000000 
20310, 132.700000 , 0.000000 
20370, 132.700000 , 0.000000 
20430, 132.700000 , 0.000000 
20490, 132.600000 , 0.000000 
20550, 132.600000 , 0.000000 
20610, 132.600000 , 0.000000 
20671, 132.600000 , 0.000000 
20731, 132.600000 , 0.000000 
20791, 132.500000 , 0.000000 
20852, 132.500000 , 0.000000 
20912, 132.500000 , 0.000000 
20973, 132.400000 , 0.000000 
21033, 132.400000 , 0.000000 
21093, 132.400000 , 0.000000 
21153, 132.400000 , 0.000000 
21215, 132.400000 , 0.000000 
21275, 132.300000 , 0.000000 
21336, 132.300000 , 0.000000 
21397, 132.300000 , 0.000000 
21458, 132.300000 , 0.000000 
21519, 132.300000 , 0.000000 
21579, 132.300000 , 0.000000 
21639, 132.300000 , 0.000000 
21700, 132.200000 , 0.000000 
21760, 132.200000 , 0.000000 
21821, 132.100000 , 0.000000 
21882, 132.100000 , 0.000000 
21943, 132.100000 , 0.000000 
22004, 132.100000 , 0.000000 
22065, 132.000000 , 0.000000 
22126, 132.000000 , 0.000000 
22187, 132.000000 , 0.000000 
22248, 132.000000 , 0.000000 
22309, 132.000000 , 0.000000 
22369, 132.000000 , 0.000000 
22430, 132.000000 , 0.000000 
22491, 131.900000 , 0.000000 
22552, 131.900000 , 0.000000 
22613, 131.900000 , 0.000000 
22674, 131.800000 , 0.000000 
22734, 131.800000 , 0.000000 
22795, 131.800000 , 0.000000 
22856, 131.800000 , 0.000000 
22917, 131.700000 , 0.000000 
22977, 131.700000 , 0.000000 
23038, 131.700000 , 0.000000 
23099, 131.700000 , 0.000000 
23159, 131.600000 , 0.000000 
23220, 131.600000 , 0.000000 
23281, 131.600000 , 0.000000 
23342, 131.600000 , 0.000000 
23402, 131.500000 , 0.000000 
23464, 131.500000 , 0.000000 
23525, 131.500000 , 0.000000 
23585, 131.500000 , 0.000000 
23647, 131.500000 , 0.000000 
23707, 131.500000 , 0.000000 
23768, 131.400000 , 0.000000 
23829, 131.400000 , 0.000000 
23890, 131.300000 , 0.000000 
23951, 131.300000 , 0.000000 
24012, 131.300000 , 0.000000 
24072, 131.300000 , 0.000000 
24133, 131.300000 , 0.000000 
24194, 131.200000 , 0.000000 
24255, 131.200000 , 0.000000 
24316, 131.200000 , 0.000000 
24377, 131.200000 , 0.000000 
24438, 131.200000 , 0.000000 
24498, 131.100000 , 0.000000 
24559, 131.100000 , 0.000000 
24620, 131.100000 , 0.000000 
24681, 131.100000 , 0.000000 
24742, 131.100000 , 0.000000 
24803, 131.000000 , 0.000000 
24863, 131.000000 , 0.000000 
24925, 131.000000 , 0.000000 
24986, 131.000000 , 0.000000 
25047, 130.900000 , 0.000000 
25107, 130.900000 , 0.000000 
25168, 130.900000 , 0.000000 
25229, 130.900000 , 0.000000 
25290, 130.900000 , 0.000000 
25350, 130.900000 , 0.000000 
25411, 130.900000 , 0.000000 
25472, 130.800000 , 0.000000 
25533, 130.800000 , 0.000000 
25594, 130.700000 , 0.000000 
25655, 130.700000 , 0.000000 
25716, 130.700000 , 0.000000 
25777, 130.700000 , 0.000000 
25837, 130.600000 , 0.000000 
25899, 130.600000 , 0.000000 
25959, 130.600000 , 0.000000 
26019, 130.500000 , 0.000000 
26079, 130.600000 , 0.000000 
26140, 130.500000 , 0.000000 
26200, 130.500000 , 0.000000 
26261, 130.500000 , 0.000000 
26322, 130.500000 , 0.000000 
26383, 130.400000 , 0.000000 
26444, 130.400000 , 0.000000 
26504, 130.400000 , 0.000000 
26564, 130.400000 , 0.000000 
26624, 130.400000 , 0.000000 
26685, 130.300000 , 0.000000 
26745, 130.300000 , 0.000000 
26805, 130.300000 , 0.000000 
26866, 130.200000 , 0.000000 
26927, 130.200000 , 0.000000 
26988, 130.200000 , 0.000000 
27049, 130.200000 , 0.000000 
27110, 130.200000 , 0.000000 
27171, 130.200000 , 0.000000 
27231, 130.100000 , 0.000000 
27291, 130.100000 , 0.000000 
27352, 130.100000 , 0.000000 
27413, 130.100000 , 0.000000 
27474, 130.100000 , 0.000000 
27535, 130.000000 , 0.000000 
27596, 130.000000 , 0.000000 
27656, 130.000000 , 0.000000 
27717, 130.000000 , 0.000000 
27778, 129.900000 , 0.000000 
27839, 129.900000 , 0.000000 
27899, 129.900000 , 0.000000 
27960, 129.900000 , 0.000000 
28021, 129.900000 , 0.000000 
28082, 129.900000 , 0.000000 
28143, 129.900000 , 0.000000 
28204, 129.800000 , 0.000000 
28265, 129.800000 , 0.000000 
28326, 129.800000 , 0.000000 
28386, 129.800000 , 0.000000 
28447, 129.700000 , 0.000000 
28508, 129.700000 , 0.000000 
28568, 129.700000 , 0.000000 
28629, 129.700000 , 0.000000 
28691, 129.700000 , 0.000000 
28751, 129.600000 , 0.000000 
28812, 129.600000 , 0.000000 
28873, 129.600000 , 0.000000 
28934, 129.600000 , 0.000000 
28994, 129.500000 , 0.000000 
29055, 129.500000 , 0.000000 
29116, 129.500000 , 0.000000 
29176, 129.500000 , 0.000000 
29237, 129.500000 , 0.000000 
29298, 129.400000 , 0.000000 
29358, 129.400000 , 0.000000 
29419, 129.400000 , 0.000000 
29480, 129.400000 , 0.000000 
29541, 129.400000 , 0.000000 
29602, 129.300000 , 0.000000 
29663, 129.400000 , 0.000000 
29724, 129.300000 , 0.000000 
29784, 129.300000 , 0.000000 
29845, 129.300000 , 0.000000 
29905, 129.300000 , 0.000000 
29966, 129.300000 , 0.000000 
30028, 129.200000 , 0.000000 
30089, 129.200000 , 0.000000 
30149, 129.200000 , 0.000000 
30210, 129.200000 , 0.000000 
30271, 129.200000 , 0.000000 
30332, 129.200000 , 0.000000 
30393, 129.100000 , 0.000000 
30454, 129.100000 , 0.000000 
30514, 129.000000 , 0.000000 
30575, 129.000000 , 0.000000 
30636, 129.000000 , 0.000000 
30697, 129.000000 , 0.000000 
30757, 129.000000 , 0.000000 
30819, 129.000000 , 0.000000 
30879, 128.900000 , 0.000000 
30940, 128.900000 , 0.000000 
31001, 128.900000 , 0.000000 
31061, 128.900000 , 0.000000 
31122, 128.900000 , 0.000000 
31183, 128.800000 , 0.000000 
31244, 128.800000 , 0.000000 
31305, 128.800000 , 0.000000 
31365, 128.700000 , 0.000000 
31425, 128.700000 , 0.000000 
31485, 128.700000 , 0.000000 
31546, 128.700000 , 0.000000 
31606, 128.700000 , 0.000000 
31667, 128.600000 , 0.000000 
31727, 128.600000 , 0.000000 
31788, 128.600000 , 0.000000 
31849, 128.600000 , 0.000000 
31911, 128.600000 , 0.000000 
31971, 128.600000 , 0.000000 
32032, 128.600000 , 0.000000 
32093, 128.500000 , 0.000000 
32154, 128.500000 , 0.000000 
32215, 128.400000 , 0.000000 
32276, 128.400000 , 0.000000 
32336, 128.400000 , 0.000000 
32398, 128.300000 , 0.000000 
32458, 128.300000 , 0.000000 
32519, 128.300000 , 0.000000 
32580, 128.300000 , 0.000000 
32641, 128.300000 , 0.000000 
32701, 128.200000 , 0.000000 
32763, 128.200000 , 0.000000 
32823, 128.200000 , 0.000000 
32884, 128.200000 , 0.000000 
32945, 128.200000 , 0.000000 
33006, 128.200000 , 0.000000 
33067, 128.100000 , 0.000000 
33128, 128.100000 , 0.000000 
33189, 128.100000 , 0.000000 
33250, 127.500000 , 0.000000 
33310, 127.500000 , 0.000000 
33371, 128.000000 , 0.000000 
33432, 128.000000 , 0.000000 
33493, 127.900000 , 0.000000 
33553, 127.900000 , 0.000000 
33614, 127.900000 , 0.000000 
33675, 127.900000 , 0.000000 
33735, 127.900000 , 0.000000 
33796, 127.900000 , 0.000000 
33857, 127.800000 , 0.000000 
33918, 127.800000 , 0.000000 
33979, 127.800000 , 0.000000 
34040, 127.800000 , 0.000000 
34100, 127.800000 , 0.000000 
34162, 127.700000 , 0.000000 
34222, 127.700000 , 0.000000 
34283, 127.700000 , 0.000000 
34343, 127.600000 , 0.000000 
34405, 127.600000 , 0.000000 
34465, 127.600000 , 0.000000 
34526, 127.600000 , 0.000000 
34587, 127.600000 , 0.000000 
34648, 127.600000 , 0.000000 
34709, 127.500000 , 0.000000 
34770, 127.500000 , 0.000000 
34830, 127.500000 , 0.000000 
34891, 126.700000 , 0.000000 
34951, 127.400000 , 0.000000 
35013, 127.300000 , 0.000000 
35073, 127.300000 , 0.000000 
35134, 127.300000 , 0.000000 
35195, 126.800000 , 0.000000 
35256, 127.300000 , 0.000000 
35316, 127.300000 , 0.000000 
35377, 127.400000 , 0.000000 
35438, 127.200000 , 0.000000 
35499, 127.200000 , 0.000000 
35559, 127.200000 , 0.000000 
35621, 127.200000 , 0.000000 
35681, 127.200000 , 0.000000 
35742, 127.100000 , 0.000000 
35803, 127.100000 , 0.000000 
35864, 127.100000 , 0.000000 
35926, 127.100000 , 0.000000 
35987, 127.100000 , 0.000000 
36047, 127.000000 , 0.000000 
36108, 127.000000 , 0.000000 
36169, 127.000000 , 0.000000 
36230, 126.900000 , 0.000000 
36291, 126.900000 , 0.000000 
36351, 126.900000 , 0.000000 
36411, 126.900000 , 0.000000 
36472, 126.900000 , 0.000000 
36533, 126.900000 , 0.000000 
36594, 126.800000 , 0.000000 
36654, 126.800000 , 0.000000 
36715, 126.800000 , 0.000000 
36776, 126.800000 , 0.000000 
36837, 126.800000 , 0.000000 
36897, 126.700000 , 0.000000 
36958, 126.700000 , 0.000000 
37019, 126.700000 , 0.000000 
37080, 126.700000 , 0.000000 
37140, 126.700000 , 0.000000 
37201, 126.600000 , 0.000000 
37262, 126.600000 , 0.000000 
37323, 126.600000 , 0.000000 
37384, 126.600000 , 0.000000 
37445, 126.500000 , 0.000000 
37505, 126.500000 , 0.000000 
37566, 126.500000 , 0.000000 
37626, 126.500000 , 0.000000 
37687, 126.500000 , 0.000000 
37748, 126.500000 , 0.000000 
37809, 126.400000 , 0.000000 
37869, 126.300000 , 0.000000 
37930, 126.300000 , 0.000000 
37991, 126.300000 , 0.000000 
38052, 126.300000 , 0.000000 
38112, 126.300000 , 0.000000 
38173, 126.300000 , 0.000000 
38234, 126.300000 , 0.000000 
38295, 126.200000 , 0.000000 
38356, 126.200000 , 0.000000 
38416, 126.200000 , 0.000000 
38477, 126.200000 , 0.000000 
38538, 126.100000 , 0.000000 
38598, 126.100000 , 0.000000 
38659, 126.100000 , 0.000000 
38719, 126.100000 , 0.000000 
38780, 126.100000 , 0.000000 
38841, 126.000000 , 0.000000 
38902, 126.000000 , 0.000000 
38963, 126.000000 , 0.000000 
39024, 126.000000 , 0.000000 
39084, 125.100000 , 0.000000 
39145, 125.900000 , 0.000000 
39206, 125.900000 , 0.000000 
39267, 125.900000 , 0.000000 
39328, 125.900000 , 0.000000 
39389, 125.800000 , 0.000000 
39450, 125.800000 , 0.000000 
39511, 125.800000 , 0.000000 
39572, 125.800000 , 0.000000 
39633, 125.800000 , 0.000000 
39694, 125.700000 , 0.000000 
39754, 125.700000 , 0.000000 
39815, 125.700000 , 0.000000 
39875, 125.600000 , 0.000000 
39935, 125.600000 , 0.000000 
39996, 125.600000 , 0.000000 
40057, 125.600000 , 0.000000 
40119, 125.600000 , 0.000000 
40180, 125.600000 , 0.000000 
40240, 125.600000 , 0.000000 
40301, 125.600000 , 0.000000 
40362, 125.600000 , 0.000000 
40423, 125.500000 , 0.000000 
40484, 125.500000 , 0.000000 
40545, 125.400000 , 0.000000 
40605, 125.400000 , 0.000000 
40666, 125.400000 , 0.000000 
40727, 125.300000 , 0.000000 
40788, 125.400000 , 0.000000 
40849, 125.400000 , 0.000000 
40910, 125.300000 , 0.000000 
40971, 125.300000 , 0.000000 
41031, 125.300000 , 0.000000 
41091, 125.300000 , 0.000000 
41151, 125.200000 , 0.000000 
41212, 125.200000 , 0.000000 
41273, 125.200000 , 0.000000 
41334, 125.100000 , 0.000000 
41395, 125.100000 , 0.000000 
41455, 125.100000 , 0.000000 
41517, 125.100000 , 0.000000 
41577, 125.100000 , 0.000000 
41638, 125.100000 , 0.000000 
41699, 125.100000 , 0.000000 
41760, 125.000000 , 0.000000 
41821, 125.000000 , 0.000000 
41882, 124.900000 , 0.000000 
41942, 124.900000 , 0.000000 
42004, 124.900000 , 0.000000 
42064, 124.900000 , 0.000000 
42125, 124.900000 , 0.000000 
42185, 124.900000 , 0.000000 
42246, 124.800000 , 0.000000 
42306, 124.900000 , 0.000000 
42367, 124.800000 , 0.000000 
42428, 124.800000 , 0.000000 
42489, 124.700000 , 0.000000 
42549, 124.700000 , 0.000000 
42610, 124.800000 , 0.000000 
42670, 124.800000 , 0.000000 
42731, 124.700000 , 0.000000 
42792, 124.600000 , 0.000000 
42853, 124.700000 , 0.000000 
42913, 124.600000 , 0.000000 
42974, 124.600000 , 0.000000 
43035, 124.600000 , 0.000000 
43096, 124.600000 , 0.000000 
43157, 124.600000 , 0.000000 
43218, 124.500000 , 0.000000 
43278, 124.500000 , 0.000000 
43339, 124.500000 , 0.000000 
43399, 124.500000 , 0.000000 
43460, 124.500000 , 0.000000 
43521, 124.400000 , 0.000000 
43582, 124.400000 , 0.000000 
43642, 124.400000 , 0.000000 
43703, 124.300000 , 0.000000 
43764, 124.300000 , 0.000000 
43825, 124.300000 , 0.000000 
43886, 124.300000 , 0.000000 
43947, 124.300000 , 0.000000 
44008, 124.300000 , 0.000000 
44069, 124.200000 , 0.000000 
44129, 124.200000 , 0.000000 
44190, 124.200000 , 0.000000 
44251, 124.200000 , 0.000000 
44312, 124.200000 , 0.000000 
44372, 124.100000 , 0.000000 
44433, 124.100000 , 0.000000 
44494, 124.100000 , 0.000000 
44555, 124.100000 , 0.000000 
44616, 124.000000 , 0.000000 
44677, 124.000000 , 0.000000 
44738, 124.000000 , 0.000000 
44798, 124.000000 , 0.000000 
44859, 124.000000 , 0.000000 
44919, 124.000000 , 0.000000 
44980, 124.000000 , 0.000000 
45041, 123.900000 , 0.000000 
45102, 123.900000 , 0.000000 
45162, 123.900000 , 0.000000 
45223, 123.900000 , 0.000000 
45283, 123.800000 , 0.000000 
45344, 123.800000 , 0.000000 
45405, 123.800000 , 0.000000 
45466, 123.800000 , 0.000000 
45527, 123.800000 , 0.000000 
45588, 123.700000 , 0.000000 
45648, 123.700000 , 0.000000 
45709, 123.700000 , 0.000000 
45769, 123.700000 , 0.000000 
45831, 123.700000 , 0.000000 
45891, 123.700000 , 0.000000 
45953, 123.700000 , 0.000000 
46013, 123.600000 , 0.000000 
46073, 123.600000 , 0.000000 
46134, 123.600000 , 0.000000 
46194, 123.600000 , 0.000000 
46255, 123.500000 , 0.000000 
46315, 123.500000 , 0.000000 
46375, 123.500000 , 0.000000 
46435, 123.500000 , 0.000000 
46495, 123.500000 , 0.000000 
46555, 123.500000 , 0.000000 
46616, 123.500000 , 0.000000 
46676, 123.400000 , 0.000000 
46737, 123.400000 , 0.000000 
46797, 123.300000 , 0.000000 
46857, 123.300000 , 0.000000 
46917, 123.300000 , 0.000000 
46977, 123.300000 , 0.000000 
47037, 123.300000 , 0.000000 
47098, 123.300000 , 0.000000 
47159, 123.200000 , 0.000000 
47220, 123.200000 , 0.000000 
47281, 123.200000 , 0.000000 
47341, 123.200000 , 0.000000 
47401, 123.200000 , 0.000000 
47462, 123.200000 , 0.000000 
47522, 123.200000 , 0.000000 
47583, 123.100000 , 0.000000 
47644, 123.100000 , 0.000000 
47704, 123.100000 , 0.000000 
47765, 123.100000 , 0.000000 
47826, 123.100000 , 0.000000 
47886, 123.000000 , 0.000000 
47946, 123.000000 , 0.000000 
48007, 123.100000 , 0.000000 
48068, 123.000000 , 0.000000 
48129, 123.000000 , 0.000000 
48190, 123.000000 , 0.000000 
48251, 122.900000 , 0.000000 
48311, 122.900000 , 0.000000 
48372, 123.000000 , 0.000000 
48433, 122.900000 , 0.000000 
48493, 122.900000 , 0.000000 
48554, 122.800000 , 0.000000 
48615, 122.800000 , 0.000000 
48676, 122.800000 , 0.000000 
48737, 122.900000 , 0.000000 
48797, 123.300000 , 0.000000 
48858, 122.500000 , 0.000000 
48919, 122.200000 , 0.000000 
48980, 121.700000 , 0.000000 
49041, 121.300000 , 0.000000 
49101, 121.300000 , 0.000000 
49162, 121.200000 , 0.000000 
49223, 121.100000 , 0.000000 
49284, 121.000000 , 0.000000 
49345, 121.000000 , 0.000000 
49406, 121.000000 , 0.000000 
49466, 120.800000 , 0.000000 
49527, 120.800000 , 0.000000 
49588, 120.800000 , 0.000000 
49649, 120.800000 , 0.000000 
49710, 120.800000 , 0.000000 
49771, 120.700000 , 0.000000 
49831, 120.700000 , 0.000000 
49892, 120.700000 , 0.000000 
49953, 120.700000 , 0.000000 
50014, 121.100000 , 0.000000 
50074, 120.900000 , 0.000000 
50135, 120.800000 , 0.000000 
50196, 120.800000 , 0.000000 
50256, 120.700000 , 0.000000 
50317, 120.800000 , 0.000000 
50378, 120.700000 , 0.000000 
50439, 120.700000 , 0.000000 
50500, 120.600000 , 0.000000 
50560, 120.800000 , 0.000000 
50621, 122.100000 , 0.000000 
50682, 123.500000 , 0.000000 
50743, 125.600000 , 0.000000 
50803, 127.800000 , 0.000000 
50864, 127.800000 , 0.000000 
50925, 129.800000 , 0.000000 
50985, 131.800000 , 0.000000 
51047, 133.900000 , 0.000000 
51107, 136.200000 , 0.000000 
51167, 138.300000 , 0.000000 
51227, 139.300000 , 0.000000 
51287, 139.300000 , 0.000000 
51349, 139.100000 , 0.000000 
51409, 138.900000 , 0.000000 
51469, 138.800000 , 0.000000 
51529, 138.700000 , 0.000000 
51589, 138.700000 , 0.000000 
51649, 138.600000 , 0.000000 
51710, 138.600000 , 0.000000 
51771, 138.500000 , 0.000000 
51831, 138.500000 , 0.000000 
51891, 138.500000 , 0.000000 
51951, 138.400000 , 0.000000 
52011, 138.300000 , 0.000000 
52071, 138.300000 , 0.000000 
52131, 138.300000 , 0.000000 
52192, 138.200000 , 0.000000 
52252, 138.200000 , 0.000000 
52313, 138.100000 , 0.000000 
52375, 138.100000 , 0.000000 
52436, 138.100000 , 0.000000 
52497, 138.000000 , 0.000000 
52557, 138.000000 , 0.000000 
52618, 138.000000 , 0.000000 
52680, 137.900000 , 0.000000 
52741, 137.900000 , 0.000000 
52801, 137.900000 , 0.000000 
52862, 137.900000 , 0.000000 
52923, 137.900000 , 0.000000 
52984, 137.900000 , 0.000000 
53045, 137.900000 , 0.000000 
53106, 137.800000 , 0.000000 
53167, 137.800000 , 0.000000 
53227, 137.700000 , 0.000000 
53287, 137.700000 , 0.000000 
53347, 137.700000 , 0.000000 
53409, 137.700000 , 0.000000 
53470, 137.600000 , 0.000000 
53530, 137.600000 , 0.000000 
53590, 137.600000 , 0.000000 
53651, 137.500000 , 0.000000 
53712, 137.500000 , 0.000000 
53773, 137.500000 , 0.000000 
53833, 137.400000 , 0.000000 
53894, 137.400000 , 0.000000 
53955, 137.400000 , 0.000000 
54016, 137.400000 , 0.000000 
54077, 137.400000 , 0.000000 
54138, 137.300000 , 0.000000 
54199, 137.300000 , 0.000000 
54260, 137.300000 , 0.000000 
54321, 137.300000 , 0.000000 
54382, 137.300000 , 0.000000 
54443, 137.200000 , 0.000000 
54504, 137.200000 , 0.000000 
54565, 137.200000 , 0.000000 
54625, 137.100000 , 0.000000 
54686, 137.100000 , 0.000000 
54747, 137.100000 , 0.000000 
54808, 137.100000 , 0.000000 
54869, 137.000000 , 0.000000 
54930, 136.900000 , 0.000000 
54990, 137.000000 , 0.000000 
55052, 136.900000 , 0.000000 
55112, 137.000000 , 0.000000 
55173, 136.900000 , 0.000000 
55234, 136.900000 , 0.000000 
55295, 136.900000 , 0.000000 
55355, 136.900000 , 0.000000 
55416, 136.800000 , 0.000000 
55476, 136.800000 , 0.000000 
55537, 136.700000 , 0.000000 
55597, 136.700000 , 0.000000 
55658, 136.700000 , 0.000000 
55719, 136.700000 , 0.000000 
55779, 136.700000 , 0.000000 
55839, 136.700000 , 0.000000 
55900, 136.600000 , 0.000000 
55960, 136.600000 , 0.000000 
56022, 136.500000 , 0.000000 
56082, 136.500000 , 0.000000 
56143, 136.600000 , 0.000000 
56204, 136.500000 , 0.000000 
56265, 136.500000 , 0.000000 
56326, 136.500000 , 0.000000 
56387, 136.400000 , 0.000000 
56447, 136.400000 , 0.000000 
56507, 136.400000 , 0.000000 
56568, 136.400000 , 0.000000 
56629, 136.300000 , 0.000000 
56690, 136.300000 , 0.000000 
56751, 136.300000 , 0.000000 
56811, 136.200000 , 0.000000 
56871, 136.200000 , 0.000000 
56932, 136.200000 , 0.000000 
56992, 136.200000 , 0.000000 
57053, 136.200000 , 0.000000 
57113, 136.200000 , 0.000000 
57173, 136.100000 , 0.000000 
57233, 136.100000 , 0.000000 
57294, 136.000000 , 0.000000 
57355, 136.000000 , 0.000000 
57416, 136.000000 , 0.000000 
57477, 135.900000 , 0.000000 
57537, 135.900000 , 0.000000 
57597, 135.800000 , 0.000000 
57659, 135.800000 , 0.000000 
57719, 135.800000 , 0.000000 
57780, 135.800000 , 0.000000 
57841, 135.800000 , 0.000000 
57902, 135.700000 , 0.000000 
57962, 135.700000 , 0.000000 
58023, 135.600000 , 0.000000 
58084, 135.600000 , 0.000000 
58144, 135.600000 , 0.000000 
58204, 135.600000 , 0.000000 
58265, 135.500000 , 0.000000 
58326, 135.500000 , 0.000000 
58387, 135.500000 , 0.000000 
58448, 135.500000 , 0.000000 
58509, 135.400000 , 0.000000 
58569, 135.400000 , 0.000000 
58630, 135.400000 , 0.000000 
58691, 135.400000 , 0.000000 
58752, 135.400000 , 0.000000 
58813, 135.300000 , 0.000000 
58874, 135.300000 , 0.000000 
58935, 135.300000 , 0.000000 
58996, 135.300000 , 0.000000 
59056, 135.200000 , 0.000000 
59117, 135.200000 , 0.000000 
59178, 135.200000 , 0.000000 
59239, 135.200000 , 0.000000 
59300, 135.100000 , 0.000000 
59361, 135.100000 , 0.000000 
59422, 135.000000 , 0.000000 
59483, 135.100000 , 0.000000 
59543, 135.100000 , 0.000000 
59605, 135.000000 , 0.000000 
59665, 135.000000 , 0.000000 
59726, 135.000000 , 0.000000 
59787, 134.900000 , 0.000000 
59848, 134.900000 , 0.000000 
59909, 134.900000 , 0.000000 
59970, 134.800000 , 0.000000 
60031, 134.800000 , 0.000000 
60092, 134.800000 , 0.000000 
60152, 134.800000 , 0.000000 
60213, 134.800000 , 0.000000 
60274, 134.700000 , 0.000000 
60335, 134.700000 , 0.000000 
60395, 134.700000 , 0.000000 
60456, 134.700000 , 0.000000 
60517, 134.700000 , 0.000000 
60577, 134.600000 , 0.000000 
60639, 134.600000 , 0.000000 
60699, 134.500000 , 0.000000 
60759, 134.500000 , 0.000000 
60819, 134.500000 , 0.000000 
60880, 134.500000 , 0.000000 
60941, 134.500000 , 0.000000 
61002, 134.400000 , 0.000000 
61062, 134.400000 , 0.000000 
61123, 134.400000 , 0.000000 
61184, 134.400000 , 0.000000 
61245, 134.400000 , 0.000000 
61306, 134.400000 , 0.000000 
61367, 134.300000 , 0.000000 
61427, 134.300000 , 0.000000 
61488, 134.300000 , 0.000000 
61549, 134.300000 , 0.000000 
61610, 134.200000 , 0.000000 
61671, 134.200000 , 0.000000 
61732, 134.200000 , 0.000000 
61792, 134.200000 , 0.000000 
61853, 134.100000 , 0.000000 
61914, 134.000000 , 0.000000 
61975, 134.100000 , 0.000000 
62036, 134.000000 , 0.000000 
62097, 134.000000 , 0.000000 
62158, 134.000000 , 0.000000 
62219, 134.000000 , 0.000000 
62280, 134.000000 , 0.000000 
62341, 133.900000 , 0.000000 
62402, 133.900000 , 0.000000 
62462, 133.900000 , 0.000000 
62522, 133.800000 , 0.000000 
62582, 133.800000 , 0.000000 
62643, 133.800000 , 0.000000 
62704, 133.800000 , 0.000000 
62764, 133.700000 , 0.000000 
62825, 133.700000 , 0.000000 
62885, 133.700000 , 0.000000 
62946, 133.700000 , 0.000000 
63007, 133.600000 , 0.000000 
63069, 133.600000 , 0.000000 
63129, 133.600000 , 0.000000 
63190, 133.600000 , 0.000000 
63251, 133.600000 , 0.000000 
63312, 133.500000 , 0.000000 
63373, 133.500000 , 0.000000 
63435, 133.500000 , 0.000000 
63495, 133.400000 , 0.000000 
63556, 133.400000 , 0.000000 
63617, 133.400000 , 0.000000 
63678, 133.400000 , 0.000000 
63739, 133.300000 , 0.000000 
63800, 133.300000 , 0.000000 
63861, 133.300000 , 0.000000 
63922, 133.300000 , 0.000000 
63983, 133.300000 , 0.000000 
64044, 133.200000 , 0.000000 
64105, 133.200000 , 0.000000 
64166, 133.200000 , 0.000000 
64227, 133.100000 , 0.000000 
64288, 133.100000 , 0.000000 
64349, 133.100000 , 0.000000 
64410, 133.100000 , 0.000000 
64471, 133.100000 , 0.000000 
64532, 133.000000 , 0.000000 
64593, 133.000000 , 0.000000 
64654, 133.000000 , 0.000000 
64715, 132.900000 , 0.000000 
64776, 132.900000 , 0.000000 
64837, 132.900000 , 0.000000 
64898, 132.900000 , 0.000000 
64959, 132.900000 , 0.000000 
65020, 132.800000 , 0.000000 
65081, 132.800000 , 0.000000 
65141, 132.800000 , 0.000000 
65202, 132.800000 , 0.000000 
65263, 132.700000 , 0.000000 
65324, 132.700000 , 0.000000 
65385, 132.700000 , 0.000000 
65446, 132.700000 , 0.000000 
65507, 132.700000 , 0.000000 
65568, 132.600000 , 0.000000 
65629, 132.600000 , 0.000000 
65690, 132.600000 , 0.000000 
65750, 132.600000 , 0.000000 
65811, 132.600000 , 0.000000 
65872, 132.500000 , 0.000000 
65933, 132.500000 , 0.000000 
65994, 132.500000 , 0.000000 
66055, 132.400000 , 0.000000 
66115, 132.400000 , 0.000000 
66176, 132.400000 , 0.000000 
66237, 132.400000 , 0.000000 
66297, 132.400000 , 0.000000 
66358, 132.300000 , 0.000000 
66419, 132.300000 , 0.000000 
66480, 132.300000 , 0.000000 
66541, 132.300000 , 0.000000 
66601, 132.200000 , 0.000000 
66663, 132.200000 , 0.000000 
66723, 132.200000 , 0.000000 
66784, 132.200000 , 0.000000 
66844, 132.100000 , 0.000000 
66906, 132.100000 , 0.000000 
66966, 132.100000 , 0.000000 
67026, 132.100000 , 0.000000 
67087, 132.100000 , 0.000000 
67147, 132.100000 , 0.000000 
67207, 132.000000 , 0.000000 
67267, 132.000000 , 0.000000 
67327, 132.000000 , 0.000000 
67387, 131.900000 , 0.000000 
67447, 131.900000 , 0.000000 
67507, 131.900000 , 0.000000 
67567, 131.900000 , 0.000000 
67628, 131.900000 , 0.000000 
67688, 131.800000 , 0.000000 
67748, 131.800000 , 0.000000 
67809, 131.800000 , 0.000000 
67869, 131.800000 , 0.000000 
67930, 131.800000 , 0.000000 
67991, 131.700000 , 0.000000 
68051, 131.700000 , 0.000000 
68113, 131.700000 , 0.000000 
68173, 131.600000 , 0.000000 
68233, 131.500000 , 0.000000 
68293, 131.500000 , 0.000000 
68355, 131.500000 , 0.000000 
68415, 131.500000 , 0.000000 
68476, 131.400000 , 0.000000 
68538, 131.400000 , 0.000000 
68598, 131.400000 , 0.000000 
68659, 131.300000 , 0.000000 
68721, 131.300000 , 0.000000 
68781, 131.300000 , 0.000000 
68842, 131.300000 , 0.000000 
68903, 131.300000 , 0.000000 
68964, 131.200000 , 0.000000 
69026, 131.200000 , 0.000000 
69086, 131.100000 , 0.000000 
69147, 131.100000 , 0.000000 
69208, 131.100000 , 0.000000 
69269, 131.100000 , 0.000000 
69330, 131.100000 , 0.000000 
69391, 131.000000 , 0.000000 
69452, 131.000000 , 0.000000 
69513, 130.900000 , 0.000000 
69575, 130.900000 , 0.000000 
69636, 130.900000 , 0.000000 
69697, 130.900000 , 0.000000 
69758, 130.900000 , 0.000000 
69818, 130.800000 , 0.000000 
69878, 130.800000 , 0.000000 
69938, 130.700000 , 0.000000 
69998, 130.700000 , 0.000000 
70059, 130.700000 , 0.000000 
70119, 130.700000 , 0.000000 
70179, 130.700000 , 0.000000 
70239, 130.500000 , 0.000000 
70299, 130.500000 , 0.000000 
70359, 130.500000 , 0.000000 
70419, 130.500000 , 0.000000 
70480, 130.500000 , 0.000000 
70540, 130.500000 , 0.000000 
70600, 130.400000 , 0.000000 
70660, 130.400000 , 0.000000 
70720, 130.400000 , 0.000000 
70780, 130.400000 , 0.000000 
70840, 130.300000 , 0.000000 
70900, 130.200000 , 0.000000 
70961, 130.200000 , 0.000000 
71021, 130.200000 , 0.000000 
71081, 130.300000 , 0.000000 
71141, 130.200000 , 0.000000 
71201, 130.200000 , 0.000000 
71261, 130.200000 , 0.000000 
71321, 130.200000 , 0.000000 
71382, 130.100000 , 0.000000 
71442, 130.100000 , 0.000000 
71502, 130.100000 , 0.000000 
71562, 130.100000 , 0.000000 
71622, 130.000000 , 0.000000 
71682, 130.000000 , 0.000000 
71743, 130.000000 , 0.000000 
71803, 130.000000 , 0.000000 
71863, 129.900000 , 0.000000 
71923, 129.900000 , 0.000000 
71983, 129.900000 , 0.000000 
72043, 129.900000 , 0.000000 
72103, 129.900000 , 0.000000 
72163, 129.900000 , 0.000000 
72224, 129.900000 , 0.000000 
72284, 129.800000 , 0.000000 
72344, 129.800000 , 0.000000 
72404, 129.800000 , 0.000000 
72464, 129.800000 , 0.000000 
72524, 129.700000 , 0.000000 
72584, 129.700000 , 0.000000 
72646, 129.700000 , 0.000000 
72706, 129.600000 , 0.000000 
72766, 129.600000 , 0.000000 
72826, 129.600000 , 0.000000 
72886, 129.600000 , 0.000000 
72946, 129.600000 , 0.000000 
73006, 129.600000 , 0.000000 
73066, 129.600000 , 0.000000 
73126, 129.600000 , 0.000000 
73187, 129.500000 , 0.000000 
73247, 129.500000 , 0.000000 
73307, 129.400000 , 0.000000 
73367, 129.400000 , 0.000000 
73427, 129.400000 , 0.000000 
73488, 129.400000 , 0.000000 
73548, 129.300000 , 0.000000 
73608, 129.300000 , 0.000000 
73669, 129.300000 , 0.000000 
73729, 129.300000 , 0.000000 
73789, 129.300000 , 0.000000 
73850, 129.300000 , 0.000000 
73910, 129.300000 , 0.000000 
73970, 129.200000 , 0.000000 
74030, 129.100000 , 0.000000 
74090, 129.100000 , 0.000000 
74152, 129.200000 , 0.000000 
74212, 129.200000 , 0.000000 
74273, 129.100000 , 0.000000 
74333, 129.100000 , 0.000000 
74393, 129.200000 , 0.000000 
74454, 129.000000 , 0.000000 
74514, 129.000000 , 0.000000 
74575, 129.000000 , 0.000000 
74636, 129.000000 , 0.000000 
74696, 129.000000 , 0.000000 
74756, 128.900000 , 0.000000 
74817, 128.900000 , 0.000000 
74878, 128.900000 , 0.000000 
74938, 128.800000 , 0.000000 
74998, 128.900000 , 0.000000 
75059, 128.900000 , 0.000000 
75120, 128.800000 , 0.000000 
75181, 128.800000 , 0.000000 
75241, 128.700000 , 0.000000 
75301, 128.700000 , 0.000000 
75362, 128.700000 , 0.000000 
75422, 128.700000 , 0.000000 
75483, 128.700000 , 0.000000 
75544, 128.600000 , 0.000000 
75605, 128.600000 , 0.000000 
75666, 128.600000 , 0.000000 
75728, 128.600000 , 0.000000 
75788, 128.600000 , 0.000000 
75849, 128.600000 , 0.000000 
75910, 128.500000 , 0.000000 
75971, 128.500000 , 0.000000 
76031, 128.500000 , 0.000000 
76092, 128.400000 , 0.000000 
76153, 128.400000 , 0.000000 
76214, 128.400000 , 0.000000 
76275, 128.400000 , 0.000000 
76336, 128.400000 , 0.000000 
76396, 128.400000 , 0.000000 
76457, 128.400000 , 0.000000 
76518, 128.400000 , 0.000000 
76578, 128.300000 , 0.000000 
76639, 128.300000 , 0.000000 
76701, 128.200000 , 0.000000 
76761, 128.200000 , 0.000000 
76822, 128.200000 , 0.000000 
76883, 128.200000 , 0.000000 
76943, 128.200000 , 0.000000 
77003, 128.100000 , 0.000000 
77063, 128.100000 , 0.000000 
77123, 128.100000 , 0.000000 
77184, 128.000000 , 0.000000 
77246, 128.000000 , 0.000000 
77307, 128.000000 , 0.000000 
77367, 128.000000 , 0.000000 
77427, 127.900000 , 0.000000 
77487, 128.000000 , 0.000000 
77547, 127.900000 , 0.000000 
77607, 127.900000 , 0.000000 
77668, 127.900000 , 0.000000 
77728, 127.800000 , 0.000000 
77788, 127.900000 , 0.000000 
77849, 127.800000 , 0.000000 
77910, 127.900000 , 0.000000 
77970, 127.800000 , 0.000000 
78030, 127.800000 , 0.000000 
78090, 127.800000 , 0.000000 
78150, 127.800000 , 0.000000 
78210, 127.700000 , 0.000000 
78272, 127.700000 , 0.000000 
78332, 127.600000 , 0.000000 
78392, 127.600000 , 0.000000 
78452, 127.600000 , 0.000000 
78512, 127.600000 , 0.000000 
78572, 127.600000 , 0.000000 
78633, 127.600000 , 0.000000 
78693, 127.000000 , 0.000000 
78753, 127.600000 , 0.000000 
78813, 127.600000 , 0.000000 
78873, 127.500000 , 0.000000 
78934, 127.500000 , 0.000000 
78995, 127.500000 , 0.000000 
79056, 127.400000 , 0.000000 
79118, 127.500000 , 0.000000 
79179, 127.500000 , 0.000000 
79239, 127.400000 , 0.000000 
79299, 127.300000 , 0.000000 
79361, 127.300000 , 0.000000 
79422, 127.200000 , 0.000000 
79484, 127.300000 , 0.000000 
79545, 126.500000 , 0.000000 
79605, 127.300000 , 0.000000 
79666, 127.300000 , 0.000000 
79726, 127.200000 , 0.000000 
79787, 127.200000 , 0.000000 
79849, 127.200000 , 0.000000 
79910, 126.800000 , 0.000000 
79971, 127.100000 , 0.000000 
80033, 127.100000 , 0.000000 
80094, 127.100000 , 0.000000 
80156, 127.000000 , 0.000000 
80217, 127.000000 , 0.000000 
80278, 127.000000 , 0.000000 
80340, 127.000000 , 0.000000 
80400, 127.000000 , 0.000000 
80461, 127.000000 , 0.000000 
80523, 126.900000 , 0.000000 
80583, 126.900000 , 0.000000 
80644, 126.900000 , 0.000000 
80706, 126.900000 , 0.000000 
80766, 126.900000 , 0.000000 
80826, 126.800000 , 0.000000 
80886, 126.800000 , 0.000000 
80947, 126.800000 , 0.000000 
81007, 126.800000 , 0.000000 
81067, 126.800000 , 0.000000 
81127, 126.800000 , 0.000000 
81187, 126.800000 , 0.000000 
81247, 126.700000 , 0.000000 
81308, 126.700000 , 0.000000 
81369, 126.700000 , 0.000000 
81429, 126.700000 , 0.000000 
81489, 126.700000 , 0.000000 
81550, 126.600000 , 0.000000 
81611, 126.600000 , 0.000000 
81672, 126.600000 , 0.000000 
81733, 126.600000 , 0.000000 
81793, 126.600000 , 0.000000 
81854, 126.500000 , 0.000000 
81914, 126.500000 , 0.000000 
81975, 126.500000 , 0.000000 
82035, 126.500000 , 0.000000 
82097, 126.500000 , 0.000000 
82157, 126.400000 , 0.000000 
82218, 126.400000 , 0.000000 
82278, 126.400000 , 0.000000 
82340, 126.300000 , 0.000000 
82400, 126.300000 , 0.000000 
82461, 126.300000 , 0.000000 
82522, 126.300000 , 0.000000 
82583, 126.300000 , 0.000000 
82644, 126.300000 , 0.000000 
82705, 126.200000 , 0.000000 
82766, 126.200000 , 0.000000 
82827, 126.200000 , 0.000000 
82887, 126.200000 , 0.000000 
82948, 126.200000 , 0.000000 
83009, 126.100000 , 0.000000 
83070, 126.200000 , 0.000000 
83131, 126.100000 , 0.000000 
83191, 126.200000 , 0.000000 
83251, 126.100000 , 0.000000 
83312, 126.100000 , 0.000000 
83372, 126.100000 , 0.000000 
83432, 126.000000 , 0.000000 
83492, 126.000000 , 0.000000 
83552, 126.000000 , 0.000000 
83612, 126.000000 , 0.000000 
83672, 125.900000 , 0.000000 
83733, 125.900000 , 0.000000 
83793, 125.900000 , 0.000000 
83853, 125.900000 , 0.000000 
83913, 125.800000 , 0.000000 
83973, 125.800000 , 0.000000 
84034, 125.800000 , 0.000000 
84094, 125.700000 , 0.000000 
84155, 125.700000 , 0.000000 
84215, 125.700000 , 0.000000 
84275, 125.700000 , 0.000000 
84335, 125.700000 , 0.000000 
84395, 125.600000 , 0.000000 
84456, 125.700000 , 0.000000 
84516, 125.600000 , 0.000000 
84576, 125.600000 , 0.000000 
84637, 125.600000 , 0.000000 
84697, 125.600000 , 0.000000 
84757, 125.600000 , 0.000000 
84819, 125.500000 , 0.000000 
84880, 125.500000 , 0.000000 
84941, 125.500000 , 0.000000 
85001, 125.500000 , 0.000000 
85063, 125.500000 , 0.000000 
85123, 125.500000 , 0.000000 
85184, 125.400000 , 0.000000 
85245, 125.400000 , 0.000000 
85305, 125.400000 , 0.000000 
85365, 125.400000 , 0.000000 
85426, 125.400000 , 0.000000 
85486, 125.300000 , 0.000000 
85546, 125.300000 , 0.000000 
85606, 125.300000 , 0.000000 
85666, 125.300000 , 0.000000 
85726, 125.300000 , 0.000000 
85786, 125.300000 , 0.000000 
85846, 125.300000 , 0.000000 
85906, 125.300000 , 0.000000 
85968, 125.200000 , 0.000000 
86028, 125.200000 , 0.000000 
86088, 125.200000 , 0.000000 
86148, 125.100000 , 0.000000 
86208, 125.100000 , 0.000000 
86268, 125.100000 , 0.000000 
86329, 125.100000 , 0.000000 
86390, 125.100000 , 0.000000 
86450, 125.100000 , 0.000000 
86510, 125.000000 , 0.000000 
86570, 125.000000 , 0.000000 
86630, 125.000000 , 0.000000 
86690, 125.000000 , 0.000000 
86750, 125.000000 , 0.000000 
86811, 125.000000 , 0.000000 
86871, 124.900000 , 0.000000 
86931, 124.900000 , 0.000000 
86992, 124.900000 , 0.000000 
87053, 124.900000 , 0.000000 
87114, 124.900000 , 0.000000 
87175, 124.900000 , 0.000000 
87237, 124.900000 , 0.000000 
87297, 124.800000 , 0.000000 
87358, 124.800000 , 0.000000 
87420, 123.800000 , 0.000000 
87480, 124.800000 , 0.000000 
87541, 124.800000 , 0.000000 
87603, 124.700000 , 0.000000 
87663, 124.700000 , 0.000000 
87724, 124.700000 , 0.000000 
87786, 124.600000 , 0.000000 
87847, 124.600000 , 0.000000 
87907, 124.600000 , 0.000000 
87969, 124.600000 , 0.000000 
88029, 124.600000 , 0.000000 
88089, 124.600000 , 0.000000 
88151, 124.600000 , 0.000000 
88212, 124.500000 , 0.000000 
88274, 124.500000 , 0.000000 
88335, 124.400000 , 0.000000 
88395, 123.800000 , 0.000000 
88455, 123.800000 , 0.000000 
88515, 124.400000 , 0.000000 
88575, 124.300000 , 0.000000 
88636, 124.400000 , 0.000000 
88696, 124.300000 , 0.000000 
88756, 124.300000 , 0.000000 
88816, 124.300000 , 0.000000 
88876, 124.300000 , 0.000000 
88936, 124.300000 , 0.000000 
88997, 124.200000 , 0.000000 
89057, 124.200000 , 0.000000 
89117, 124.200000 , 0.000000 
89178, 124.100000 , 0.000000 
89239, 124.100000 , 0.000000 
89300, 124.100000 , 0.000000 
89361, 124.100000 , 0.000000 
89422, 124.100000 , 0.000000 
89483, 124.000000 , 0.000000 
89544, 124.100000 , 0.000000 
89604, 124.000000 , 0.000000 
89664, 124.000000 , 0.000000 
89725, 124.000000 , 0.000000 
89785, 124.000000 , 0.000000 
89845, 124.000000 , 0.000000 
89905, 123.900000 , 0.000000 
89965, 123.900000 , 0.000000 
90025, 123.900000 , 0.000000 
90085, 123.900000 , 0.000000 
90146, 123.900000 , 0.000000 
90207, 123.800000 , 0.000000 
90268, 123.800000 , 0.000000 
90328, 123.800000 , 0.000000 
90388, 123.800000 , 0.000000 
90449, 123.800000 , 0.000000 
90509, 123.700000 , 0.000000 
90569, 123.700000 , 0.000000 
90629, 123.700000 , 0.000000 
90689, 123.700000 , 0.000000 
90750, 123.700000 , 0.000000 
90810, 123.600000 , 0.000000 
90870, 123.600000 , 0.000000 
90930, 123.600000 , 0.000000 
90990, 123.600000 , 0.000000 
91051, 123.600000 , 0.000000 
91113, 123.500000 , 0.000000 
91174, 123.500000 , 0.000000 
91234, 123.500000 , 0.000000 
91294, 123.500000 , 0.000000 
91354, 123.500000 , 0.000000 
91415, 123.500000 , 0.000000 
91475, 123.500000 , 0.000000 
91536, 123.400000 , 0.000000 
91596, 123.400000 , 0.000000 
91656, 123.400000 , 0.000000 
91716, 124.000000 , 0.000000 
91777, 123.800000 , 0.000000 
91837, 123.500000 , 0.000000 
91898, 123.700000 , 0.000000 
91958, 124.000000 , 0.000000 
92018, 123.600000 , 0.000000 
92078, 123.500000 , 0.000000 
92138, 122.700000 , 0.000000 
92198, 123.000000 , 0.000000 
92259, 124.100000 , 0.000000 
92319, 127.800000 , 0.000000 
92379, 132.200000 , 0.000000 
92439, 136.200000 , 0.000000 
92500, 140.500000 , 0.000000 
92561, 141.400000 , 0.000000 
92622, 141.100000 , 0.000000 
92683, 141.100000 , 0.000000 
92743, 140.900000 , 0.000000 
92803, 140.700000 , 0.000000 
92863, 140.600000 , 0.000000 
92923, 140.500000 , 0.000000 
92983, 140.400000 , 0.000000 
93044, 140.400000 , 0.000000 
93104, 140.400000 , 0.000000 
93164, 140.300000 , 0.000000 
93224, 140.200000 , 0.000000 
93284, 140.200000 , 0.000000 
93344, 140.100000 , 0.000000 
93404, 140.100000 , 0.000000 
93464, 140.000000 , 0.000000 
93525, 140.000000 , 0.000000 
93585, 140.000000 , 0.000000 
93645, 139.900000 , 0.000000 
93705, 139.900000 , 0.000000 
93765, 139.800000 , 0.000000 
93825, 139.700000 , 0.000000 
93886, 139.700000 , 0.000000 
93946, 139.700000 , 0.000000 
94006, 139.700000 , 0.000000 
94066, 139.600000 , 0.000000 
94126, 139.600000 , 0.000000 
94186, 139.500000 , 0.000000 
94246, 139.500000 , 0.000000 
94306, 139.500000 , 0.000000 
94367, 139.500000 , 0.000000 
94427, 139.300000 , 0.000000 
94487, 139.300000 , 0.000000 
94547, 139.300000 , 0.000000 
94607, 139.300000 , 0.000000 
94667, 139.200000 , 0.000000 
94727, 139.200000 , 0.000000 
94788, 139.200000 , 0.000000 
94848, 139.100000 , 0.000000 
94908, 139.100000 , 0.000000 
94968, 139.100000 , 0.000000 
95028, 139.100000 , 0.000000 
95088, 139.000000 , 0.000000 
95149, 139.000000 , 0.000000 
95209, 139.000000 , 0.000000 
95269, 138.900000 , 0.000000 
95329, 138.900000 , 0.000000 
95389, 138.900000 , 0.000000 
95449, 138.900000 , 0.000000 
95509, 138.800000 , 0.000000 
95570, 138.800000 , 0.000000 
95631, 138.800000 , 0.000000 
95692, 138.800000 , 0.000000 
95753, 138.700000 , 0.000000 
95813, 138.700000 , 0.000000 
95873, 138.600000 , 0.000000 
95933, 138.600000 , 0.000000 
95993, 138.600000 , 0.000000 
96054, 138.500000 , 0.000000 
96114, 138.500000 , 0.000000 
96174, 138.500000 , 0.000000 
96235, 138.500000 , 0.000000 
96297, 138.500000 , 0.000000 
96357, 138.400000 , 0.000000 
96417, 138.400000 , 0.000000 
96477, 138.400000 , 0.000000 
96537, 138.400000 , 0.000000 
96598, 138.300000 , 0.000000 
96658, 138.300000 , 0.000000 
96718, 138.200000 , 0.000000 
96778, 138.300000 , 0.000000 
96838, 138.300000 , 0.000000 
96899, 138.200000 , 0.000000 
96959, 138.200000 , 0.000000 
97019, 138.100000 , 0.000000 
97079, 138.100000 , 0.000000 
97139, 138.100000 , 0.000000 
97199, 138.100000 , 0.000000 
97259, 138.100000 , 0.000000 
97320, 138.000000 , 0.000000 
97380, 138.000000 , 0.000000 
97440, 137.900000 , 0.000000 
97500, 137.900000 , 0.000000 
97560, 137.900000 , 0.000000 
97621, 137.900000 , 0.000000 
97681, 137.900000 , 0.000000 
97741, 137.800000 , 0.000000 
97801, 137.900000 , 0.000000 
97861, 137.800000 , 0.000000 
97921, 137.800000 , 0.000000 
97982, 137.800000 , 0.000000 
98042, 137.800000 , 0.000000 
98102, 137.700000 , 0.000000 
98162, 137.700000 , 0.000000 
98222, 137.700000 , 0.000000 
98283, 137.600000 , 0.000000 
98343, 137.600000 , 0.000000 
98403, 137.600000 , 0.000000 
98465, 137.600000 , 0.000000 
98525, 137.600000 , 0.000000 
98585, 137.500000 , 0.000000 
98645, 137.500000 , 0.000000 
98706, 137.500000 , 0.000000 
98767, 137.400000 , 0.000000 
98827, 137.400000 , 0.000000 
98888, 137.400000 , 0.000000 
98949, 137.400000 , 0.000000 
99010, 137.300000 , 0.000000 
99071, 137.300000 , 0.000000 
99132, 137.300000 , 0.000000 
99193, 137.300000 , 0.000000 
99254, 137.300000 , 0.000000 
99316, 137.300000 , 0.000000 
99377, 137.300000 , 0.000000 
99437, 137.200000 , 0.000000 
99498, 137.100000 , 0.000000 
99559, 137.100000 , 0.000000 
99619, 137.100000 , 0.000000 
99680, 137.100000 , 0.000000 
99740, 137.100000 , 0.000000 
99801, 137.100000 , 0.000000 
99862, 137.000000 , 0.000000 
99923, 137.000000 , 0.000000 
99984, 137.000000 , 0.000000 
100045, 137.000000 , 0.000000 
100106, 136.900000 , 0.000000 
100167, 136.900000 , 0.000000 
100228, 136.900000 , 0.000000 
100289, 136.800000 , 0.000000 
100350, 136.900000 , 0.000000 
100411, 136.800000 , 0.000000 
100472, 136.800000 , 0.000000 
100533, 136.700000 , 0.000000 
100595, 136.700000 , 0.000000 
100656, 136.700000 , 0.000000 
100716, 136.700000 , 0.000000 
100777, 136.700000 , 0.000000 
100837, 136.600000 , 0.000000 
100897, 136.600000 , 0.000000 
100957, 136.600000 , 0.000000 
101017, 136.600000 , 0.000000 
101077, 136.600000 , 0.000000 
101138, 136.600000 , 0.000000 
101198, 136.500000 , 0.000000 
101258, 136.500000 , 0.000000 
101318, 136.400000 , 0.000000 
101379, 136.400000 , 0.000000 
101440, 136.400000 , 0.000000 
101500, 136.400000 , 0.000000 
101561, 136.400000 , 0.000000 
101622, 136.400000 , 0.000000 
101683, 136.300000 , 0.000000 
101744, 136.300000 , 0.000000 
101804, 136.200000 , 0.000000 
101864, 136.200000 , 0.000000 
101925, 136.200000 , 0.000000 
101986, 136.200000 , 0.000000 
102046, 136.200000 , 0.000000 
102107, 136.100000 , 0.000000 
102168, 136.100000 , 0.000000 
102229, 136.100000 , 0.000000 
102290, 136.100000 , 0.000000 
102350, 136.100000 , 0.000000 
102412, 136.100000 , 0.000000 
102472, 136.000000 , 0.000000 
102533, 136.000000 , 0.000000 
102594, 135.900000 , 0.000000 
102655, 135.900000 , 0.000000 
102716, 135.900000 , 0.000000 
102777, 135.900000 , 0.000000 
102837, 135.900000 , 0.000000 
102898, 135.800000 , 0.000000 
102959, 135.900000 , 0.000000 
103020, 135.800000 , 0.000000 
103081, 135.800000 , 0.000000 
103141, 135.700000 , 0.000000 
103202, 135.700000 , 0.000000 
103263, 135.700000 , 0.000000 
103323, 135.700000 , 0.000000 
103384, 135.600000 , 0.000000 
103445, 135.600000 , 0.000000 
103506, 135.600000 , 0.000000 
103567, 135.600000 , 0.000000 
103628, 135.500000 , 0.000000 
103689, 135.500000 , 0.000000 
103750, 135.500000 , 0.000000 
103811, 135.500000 , 0.000000 
103872, 135.500000 , 0.000000 
103932, 135.500000 , 0.000000 
103994, 135.500000 , 0.000000 
104054, 135.400000 , 0.000000 
104115, 135.300000 , 0.000000 
104176, 135.300000 , 0.000000 
104237, 135.300000 , 0.000000 
104298, 135.300000 , 0.000000 
104359, 135.300000 , 0.000000 
104420, 135.300000 , 0.000000 
104481, 135.200000 , 0.000000 
104542, 135.200000 , 0.000000 
104603, 135.200000 , 0.000000 
104663, 135.200000 , 0.000000 
104724, 135.200000 , 0.000000 
104785, 135.200000 , 0.000000 
104846, 135.100000 , 0.000000 
104907, 135.100000 , 0.000000 
104968, 135.100000 , 0.000000 
105029, 135.100000 , 0.000000 
105090, 135.100000 , 0.000000 
105151, 135.100000 , 0.000000 
105212, 135.000000 , 0.000000 
105274, 135.000000 , 0.000000 
105334, 135.000000 , 0.000000 
105394, 135.000000 , 0.000000 
105454, 134.900000 , 0.000000 
105516, 134.900000 , 0.000000 
105576, 134.900000 , 0.000000 
105638, 134.900000 , 0.000000 
105698, 134.800000 , 0.000000 
105758, 134.800000 , 0.000000 
105819, 134.800000 , 0.000000 
105879, 134.800000 , 0.000000 
105939, 134.800000 , 0.000000 
105999, 134.700000 , 0.000000 
106059, 134.700000 , 0.000000 
106119, 134.700000 , 0.000000 
106179, 134.600000 , 0.000000 
106241, 134.700000 , 0.000000 
106301, 134.600000 , 0.000000 
106362, 134.600000 , 0.000000 
106423, 134.600000 , 0.000000 
106484, 134.500000 , 0.000000 
106544, 134.500000 , 0.000000 
106604, 134.500000 , 0.000000 
106665, 134.500000 , 0.000000 
106726, 134.400000 , 0.000000 
106787, 134.400000 , 0.000000 
106849, 134.400000 , 0.000000 
106909, 134.400000 , 0.000000 
106969, 134.400000 , 0.000000 
107030, 134.300000 , 0.000000 
107091, 134.300000 , 0.000000 
107151, 134.300000 , 0.000000 
107213, 134.300000 , 0.000000 
107273, 134.300000 , 0.000000 
107334, 134.200000 , 0.000000 
107395, 134.200000 , 0.000000 
107456, 134.200000 , 0.000000 
107516, 134.200000 , 0.000000 
107577, 134.100000 , 0.000000 
107638, 134.100000 , 0.000000 
107699, 134.100000 , 0.000000 
107760, 134.100000 , 0.000000 
107820, 134.000000 , 0.000000 
107880, 134.000000 , 0.000000 
107941, 134.000000 , 0.000000 
108002, 134.000000 , 0.000000 
108062, 134.000000 , 0.000000 
108123, 134.000000 , 0.000000 
108184, 133.900000 , 0.000000 
108245, 133.900000 , 0.000000 
108306, 133.900000 , 0.000000 
108367, 133.900000 , 0.000000 
108428, 133.900000 , 0.000000 
108489, 133.800000 , 0.000000 
108549, 133.800000 , 0.000000 
108610, 133.700000 , 0.000000 
108671, 133.700000 , 0.000000 
108732, 133.700000 , 0.000000 
108793, 133.700000 , 0.000000 
108854, 133.700000 , 0.000000 
108915, 133.700000 , 0.000000 
108975, 133.700000 , 0.000000 
109036, 133.600000 , 0.000000 
109097, 133.600000 , 0.000000 
109158, 133.500000 , 0.000000 
109219, 133.500000 , 0.000000 
109280, 133.500000 , 0.000000 
109340, 133.500000 , 0.000000 
109401, 133.500000 , 0.000000 
109462, 133.500000 , 0.000000 
109523, 133.400000 , 0.000000 
109584, 133.400000 , 0.000000 
109645, 133.400000 , 0.000000 
109706, 133.400000 , 0.000000 
109766, 133.300000 , 0.000000 
109828, 133.300000 , 0.000000 
109889, 133.300000 , 0.000000 
109950, 133.300000 , 0.000000 
110011, 133.200000 , 0.000000 
110072, 133.200000 , 0.000000 
110133, 133.200000 , 0.000000 
110194, 133.200000 , 0.000000 
110254, 133.100000 , 0.000000 
110315, 133.100000 , 0.000000 
110376, 133.200000 , 0.000000 
110437, 133.100000 , 0.000000 
110498, 133.100000 , 0.000000 
110559, 133.100000 , 0.000000 
110619, 133.000000 , 0.000000 
110681, 133.000000 , 0.000000 
110741, 132.900000 , 0.000000 
110801, 132.900000 , 0.000000 
110861, 132.900000 , 0.000000 
110921, 132.900000 , 0.000000 
110981, 132.900000 , 0.000000 
111043, 132.900000 , 0.000000 
111103, 132.800000 , 0.000000 
111164, 132.800000 , 0.000000 
111224, 132.800000 , 0.000000 
111286, 132.800000 , 0.000000 
111346, 132.800000 , 0.000000 
111407, 132.800000 , 0.000000 
111468, 132.700000 , 0.000000 
111529, 132.700000 , 0.000000 
111589, 132.600000 , 0.000000 
111649, 132.600000 , 0.000000 
111710, 132.600000 , 0.000000 
111771, 132.600000 , 0.000000 
111832, 132.600000 , 0.000000 
111893, 132.600000 , 0.000000 
111954, 132.600000 , 0.000000 
112014, 132.500000 , 0.000000 
112074, 132.500000 , 0.000000 
112135, 132.400000 , 0.000000 
112196, 132.400000 , 0.000000 
112257, 132.400000 , 0.000000 
112318, 132.400000 , 0.000000 
112379, 132.400000 , 0.000000 
112440, 132.300000 , 0.000000 
112501, 132.300000 , 0.000000 
112562, 132.300000 , 0.000000 
112622, 132.300000 , 0.000000 
112683, 132.300000 , 0.000000 
112744, 132.300000 , 0.000000 
112805, 132.200000 , 0.000000 
112866, 132.200000 , 0.000000 
112927, 132.100000 , 0.000000 
112988, 132.100000 , 0.000000 
113049, 132.100000 , 0.000000 
113110, 132.100000 , 0.000000 
113171, 132.100000 , 0.000000 
113231, 132.100000 , 0.000000 
113292, 132.000000 , 0.000000 
113353, 132.000000 , 0.000000 
113414, 132.000000 , 0.000000 
113475, 132.000000 , 0.000000 
113535, 132.000000 , 0.000000 
113596, 131.900000 , 0.000000 
113657, 131.900000 , 0.000000 
113718, 131.900000 , 0.000000 
113779, 131.900000 , 0.000000 
113839, 131.900000 , 0.000000 
113900, 131.800000 , 0.000000 
113962, 131.800000 , 0.000000 
114022, 131.800000 , 0.000000 
114083, 131.800000 , 0.000000 
114144, 131.800000 , 0.000000 
114205, 131.700000 , 0.000000 
114266, 131.700000 , 0.000000 
114327, 131.700000 , 0.000000 
114388, 131.700000 , 0.000000 
114448, 131.600000 , 0.000000 
114509, 131.600000 , 0.000000 
114570, 131.600000 , 0.000000 
114631, 131.600000 , 0.000000 
114691, 131.500000 , 0.000000 
114752, 131.500000 , 0.000000 
114813, 131.500000 , 0.000000 
114874, 131.500000 , 0.000000 
114935, 131.500000 , 0.000000 
114996, 131.500000 , 0.000000 
115057, 131.400000 , 0.000000 
115118, 131.300000 , 0.000000 
115178, 131.300000 , 0.000000 
115239, 131.300000 , 0.000000 
115300, 131.300000 , 0.000000 
115361, 131.300000 , 0.000000 
115422, 131.200000 , 0.000000 
115483, 131.200000 , 0.000000 
115544, 131.200000 , 0.000000 
115605, 131.200000 , 0.000000 
115665, 131.200000 , 0.000000 
115726, 131.200000 , 0.000000 
115786, 131.200000 , 0.000000 
115846, 131.100000 , 0.000000 
115906, 131.100000 , 0.000000 
115966, 131.100000 , 0.000000 
116027, 131.100000 , 0.000000 
116087, 131.000000 , 0.000000 
116147, 131.000000 , 0.000000 
116207, 131.000000 , 0.000000 
116267, 131.000000 , 0.000000 
116328, 130.900000 , 0.000000 
116389, 130.900000 , 0.000000 
116450, 130.900000 , 0.000000 
116511, 130.900000 , 0.000000 
116572, 130.900000 , 0.000000 
116633, 130.900000 , 0.000000 
116694, 130.800000 , 0.000000 
116754, 130.800000 , 0.000000 
116815, 130.800000 , 0.000000 
116876, 130.700000 , 0.000000 
116937, 130.700000 , 0.000000 
116998, 130.700000 , 0.000000 
117059, 130.700000 , 0.000000 
117119, 130.700000 , 0.000000 
117180, 130.600000 , 0.000000 
117240, 130.600000 , 0.000000 
117301, 130.600000 , 0.000000 
117362, 130.600000 , 0.000000 
117423, 130.500000 , 0.000000 
117484, 130.500000 , 0.000000 
117545, 130.500000 , 0.000000 
117605, 130.500000 , 0.000000 
117667, 130.400000 , 0.000000 
117727, 130.400000 , 0.000000 
117788, 130.400000 , 0.000000 
117849, 130.400000 , 0.000000 
117910, 130.400000 , 0.000000 
117971, 130.400000 , 0.000000 
118032, 130.300000 , 0.000000 
118093, 130.300000 , 0.000000 
118154, 130.300000 , 0.000000 
118214, 130.200000 , 0.000000 
118275, 130.200000 , 0.000000 
118336, 130.200000 , 0.000000 
118397, 130.200000 , 0.000000 
118457, 130.200000 , 0.000000 
118519, 130.200000 , 0.000000 
118579, 130.100000 , 0.000000 
118640, 130.100000 , 0.000000 
118701, 130.100000 , 0.000000 
118762, 130.100000 , 0.000000 
118823, 130.100000 , 0.000000 
118883, 130.100000 , 0.000000 
118944, 130.100000 , 0.000000 
119005, 130.000000 , 0.000000 
119067, 130.000000 , 0.000000 
119127, 130.000000 , 0.000000 
119188, 129.900000 , 0.000000 
119248, 129.900000 , 0.000000 
119309, 129.900000 , 0.000000 
119370, 129.900000 , 0.000000 
119431, 129.900000 , 0.000000 
119491, 129.900000 , 0.000000 
119552, 129.900000 , 0.000000 
119613, 129.800000 , 0.000000 
119674, 129.800000 , 0.000000 
119735, 129.800000 , 0.000000 
119796, 129.800000 , 0.000000 
119857, 129.800000 , 0.000000 
119918, 129.800000 , 0.000000 
119979, 129.700000 , 0.000000 
120039, 129.700000 , 0.000000 
120099, 129.700000 , 0.000000 
120159, 129.600000 , 0.000000 
